211
125
75
184
238
64
125
172
123
150
128
107
118
57
135
222
103
134
115
117
85
87
107
114
91
149
144
111
213
211
116
118
107
112
130
75
157
160
202
203
164
163
193
70
114
159
77
205
385
191
128
95
157
104
180
193
97
154
130
192
100
77
97
76
103
158
140
154
111
84
88
125
85
279
166
91
174
118
124
219
126
204
234
170
73
206
86
175
104
46
158
75
86
144
145
103
149
185
129
94
182
116
174
108
149
127
144
83
118
144
83
110
167
247
169
111
213
131
117
179
116
90
156
128
199
342
150
131
130
148
93
154
131
163
119
309
103
213
187
188
52
138
105
149
139
83
72
106
153
112
174
183
111
118
175
183
179
233
88
172
149
140
200
167
127
145
182
131
121
162
161
108
253
137
178
82
132
135
177
305
104
134
127
107
196
131
132
112
108
167
186
106
196
175
140
181
111
207
165
128
168
160
164
208
189
127
137
78
116
151
138
171
119
86
96
128
148
109
73
122
172
116
141
137
278
155
208
97
137
128
64
75
81
168
182
110
62
159
222
122
125
116
90
94
105
123
175
75
283
116
118
143
203
149
120
249
165
118
141
233
273
202
183
134
123
255
208
157
148
93
163
156
151
253
143
107
81
192
139
180
117
311
115
103
87
105
136
94
113
126
236
144
299
83
198
125
151
150
115
209
222
229
128
293
126
244
93
221
146
189
263
188
153
115
100
233
105
336
103
125
394
218
91
64
115
143
175
177
160
175
140
273
298
100
181
138
145
138
165
153
180
153
142
230
147
153
201
185
179
82
152
97
207
189
137
164
166
100
245
171
75
161
142
208
230
94
92
135
190
69
169
160
174
166
179
128
182
146
200
162
136
227
231
107
215
185
332
123
96
262
216
263
184
241
195
139
84
87
99
275
189
184
114
245
275
271
68
119
139
103
237
107
152
186
235
142
137
98
272
165
144
124
224
101
144
161
100
115
209
164
127
270
98
215
173
94
115
165
169
161
102
187
201
159
220
138
187
133
175
104
130
208
147
115
159
140
116
266
119
68
156
177
225
56
149
196
168
195
188
221
232
188
149
146
193
108
144
144
297
149
180
196
253
313
115
257
133
163
270
133
201
185
128
155
129
168
237
165
501
85
339
417
256
173
178
177
255
164
148
194
198
241
94
127
265
189
225
103
264
168
286
306
241
193
183
113
110
180
292
87
153
149
245
191
206
162
231
394
197
192
123
217
187
225
195
160
332
133
145
169
206
303
109
145
146
186
251
144
141
137
208
188
113
167
79
105
177
127
170
240
369
219
127
81
248
207
284
240
112
190
217
80
274
366
129
163
127
220
234
219
89
178
160
174
169
165
187
126
216
96
145
107
243
155
149
123
134
267
132
210
114
201
128
164
103
201
157
156
168
267
247
166
293
98
88
145
250
217
205
134
290
267
197
155
133
148
130
252
181
131
196
184
252
157
192
141
257
175
146
272
226
290
187
171
102
96
236
91
177
277
135
60
144
131
252
140
208
101
335
175
166
88
123
121
438
196
258
144
153
251
219
140
121
194
176
239
184
236
207
152
104
113
244
246
264
146
191
270
165
230
90
178
400
194
107
175
159
238
220
178
237
180
261
161
171
319
236
280
124
199
171
190
161
256
139
127
227
114
287
152
188
85
303
148
289
190
112
158
226
180
153
252
181
416
329
274
130
239
166
287
218
217
150
357
152
196
117
244
251
105
138
302
187
112
189
169
265
161
145
219
169
486
160
144
196
248
77
131
225
76
148
183
237
266
42
104
285
325
200
246
216
231
285
65
89
296
148
164
142
223
255
134
183
121
189
182
265
189
160
183
236
141
262
183
265
135
257
140
145
150
128
213
209
219
188
229
185
73
179
250
386
252
146
172
279
177
123
150
100
157
181
181
312
147
168
249
174
68
228
228
110
236
182
220
248
134
213
311
84
236
147
168
282
225
312
261
502
558
239
252
301
156
377
191
160
260
94
304
151
176
210
302
167
258
248
82
361
152
186
335
317
254
340
177
205
300
236
355
268
330
237
343
158
202
236
166
243
298
362
144
128
315
207
352
155
221
250
196
155
105
220
261
272
479
253
255
381
339
113
215
134
189
312
172
222
214
362
121
152
295
308
330
136
231
240
304
179
175
271
189
215
137
233
287
426
242
215
63
288
261
274
304
439
263
153
160
99
188
463
176
338
266
302
134
175
218
493
344
187
123
318
385
235
66
179
252
238
145
111
233
231
210
114
218
234
167
105
170
221
334
86
183
226
250
179
205
199
159
295
48
157
269
256
217
274
142
188
257
190
74
313
276
298
280
170
150
146
155
99
228
155
231
225
156
169
195
323
121
166
223
190
365
69
112
125
130
181
296
274
264
172
253
201
133
193
158
262
218
136
313
213
308
172
56
122
191
287
143
181
200
198
114
125
87
99
116
79
185
55
62
158
163
119
105
176
73
98
105
87
107
63
113
294
99
520
92
158
144
303
117
136
138
128
78
93
223
118
206
106
198
127
107
146
176
113
154
105
115
118
277
161
232
136
172
110
156
170
110
121
109
93
87
127
64
124
114
83
72
117
88
111
144
138
121
125
112
80
83
118
134
97
146
69
92
70
59
98
87
92
112
199
102
264
140
121
111
121
59
74
82
53
81
149
131
353
183
123
144
178
197
245
142
76
154
123
52
65
259
76
140
119
101
112
373
128
98
167
101
147
198
103
80
73
121
126
157
69
72
199
88
84
99
117
75
89
124
96
88
142
102
84
116
71
54
117
258
81
83
230
170
159
69
95
158
93
124
111
75
76
85
175
118
128
89
160
105
91
143
130
195
101
140
146
103
204
181
74
61
285
86
102
129
174
137
108
153
55
108
92
155
142
130
96
98
119
59
74
294
128
133
84
118
200
270
77
73
152
73
143
199
202
210
64
105
76
84
112
213
113
40
141
80
75
120
83
173
55
210
57
93
166
123
183
64
72
145
102
150
89
79
108
178
196
102
66
151
125
109
110
56
143
68
87
79
84
126
121
98
120
138
129
132
82
80
300
85
94
124
199
279
127
141
181
137
121
139
213
181
91
93
86
154
151
78
87
51
87
293
127
114
93
196
160
125
119
114
88
97
237
92
104
418
256
220
64
67
105
131
200
187
232
166
158
207
61
103
238
212
122
60
442
90
241
279
98
100
206
101
83
103
127
153
230
147
120
84
97
174
128
154
118
167
137
154
124
97
89
123
110
121
67
59
125
215
87
115
196
148
138
86
141
210
65
330
127
148
94
84
170
112
93
160
199
126
80
100
117
136
111
225
84
105
90
121
158
98
136
179
220
98
156
181
141
132
157
220
102
85
144
131
118
170
391
183
153
221
106
171
183
140
243
179
182
136
404
82
95
84
166
207
180
116
141
164
151
207
246
120
235
225
116
216
108
216
176
218
112
182
140
123
70
122
143
65
351
82
150
124
119
183
136
73
126
104
123
66
64
173
142
230
126
194
110
90
118
104
114
138
97
75
108
186
252
305
221
134
166
258
128
87
173
184
185
169
133
167
196
78
126
85
148
150
121
151
131
74
146
155
148
105
168
153
139
111
129
81
69
121
263
101
233
145
144
123
146
137
131
74
98
151
134
184
107
112
98
107
128
142
77
120
201
115
269
91
185
73
155
105
140
76
164
102
90
101
169
149
95
88
132
53
226
70
237
92
120
297
138
83
175
74
162
243
150
112
234
118
104
124
119
173
144
98
150
125
100
105
151
75
175
85
67
128
112
104
64
210
150
174
122
148
69
101
90
146
242
167
134
209
54
161
75
97
97
95
218
144
90
165
82
93
149
177
91
93
124
170
171
102
77
109
76
157
98
167
187
177
109
72
95
117
119
87
77
159
90
100
191
216
103
65
180
109
89
141
86
171
124
205
100
90
60
170
92
103
111
189
62
224
81
93
193
131
112
174
176
141
103
390
60
82
118
131
101
159
201
151
218
80
143
127
202
94
118
105
117
116
128
128
125
142
74
133
176
144
177
34
105
118
56
42
114
58
28
107
132
105
99
80
127
72
95
110
98
60
93
53
98
101
86
64
69
29
17
37
29
22
46
18
64
42
28
32
35
71
42
104
84
28
88
166
98
70
46
37
84
45
46
44
70
15
106
71
30
29
115
42
37
46
53
125
32
26
68
69
72
70
60
27
80
70
60
92
52
17
24
55
135
76
29
80
50
43
38
50
28
79
40
88
96
145
50
25
80
53
67
58
62
35
46
47
51
33
60
34
82
89
46
31
79
52
58
37
25
48
63
59
43
132
56
68
93
54
49
45
63
17
85
50
54
48
52
17
38
58
70
95
49
99
19
78
59
40
87
32
89
61
144
84
62
72
141
93
41
79
99
87
141
75
112
88
48
33
104
29
30
67
22
34
29
56
36
51
77
88
85
37
53
35
48
89
32
33
44
119
24
40
34
41
147
59
39
43
189
203
42
61
78
67
91
41
85
84
102
171
70
120
77
151
91
165
44
108
126
24
57
28
110
124
39
55
58
165
91
30
179
137
80
37
106
213
40
104
58
86
108
113
76
141
150
101
50
130
87
69
75
101
173
154
180
55
65
79
139
66
118
150
70
175
150
132
97
115
104
130
160
72
77
163
195
92
64
221
166
173
141
239
242
119
160
112
135
193
107
88
100
186
94
89
180
136
125
128
141
329
129
73
118
126
175
153
155
83
87
98
79
81
79
53
75
236
194
142
105
150
170
112
122
118
120
126
95
138
300
178
122
139
88
134
67
133
136
171
97
61
114
75
170
130
127
141
111
109
82
113
111
174
109
96
143
119
97
149
200
156
82
187
164
166
199
246
141
138
142
130
103
100
80
80
86
72
202
167
130
117
96
149
95
116
154
119
144
92
137
134
89
79
206
103
111
98
177
108
73
77
86
95
116
147
96
98
66
78
90
73
77
86
53
95
114
127
66
55
73
97
74
55
72
72
138
79
74
93
79
95
85
107
85
86
83
69
65
66
111
61
70
110
150
133
88
137
104
79
80
118
96
80
72
122
43
69
74
69
93
155
163
87
112
78
100
97
149
140
97
98
146
182
108
93
115
109
53
150
51
111
72
156
110
86
88
103
85
91
159
108
151
97
117
90
112
143
98
88
99
138
104
92
78
95
64
98
51
51
82
104
165
105
101
129
81
47
63
87
80
86
60
127
124
196
84
112
192
62
94
120
106
132
129
166
57
64
126
165
91
40
126
94
65
80
121
128
141
133
143
60
166
141
78
110
96
67
92
58
148
135
151
163
140
120
83
56
138
163
64
50
164
189
165
125
111
72
93
110
180
121
142
205
178
77
32
108
148
292
120
72
57
52
168
125
93
186
141
92
73
108
91
60
152
74
198
28
30
103
75
163
148
162
91
46
43
98
67
46
67
126
65
86
111
109
64
21
59
49
50
127
56
58
23
12
103
74
34
132
94
101
131
65
53
72
505
98
174
154
125
58
54
129
124
96
75
75
72
46
71
164
125
115
44
40
69
123
90
62
54
93
64
100
44
66
64
57
114
51
91
43
103
47
46
66
66
60
55
62
95
114
81
63
98
121
115
89
59
90
90
96
125
83
84
128
112
52
62
64
71
13
77
60
125
54
50
90
26
108
53
108
66
31
79
79
77
90
272
66
74
47
80
105
59
82
78
100
99
77
75
103
93
62
98
157
112
92
58
148
135
151
163
140
120
138
67
74
83
12
163
165
94
60
103
66
101
17
15
140
23
145
123
101
120
150
45
119
83
104
185
106
95
138
105
119
64
107
177
202
189
72
125
165
111
110
180
176
142
205
242
121
115
162
103
126
159
102
142
132
99
110
178
126
82
189
193
118
169
125
148
104
100
142
115
166
95
111
102
178
149
733
106
47
272
166
112
62
97
99
141
112
70
45
145
182
27
30
56
47
20
18
38
41
26
25
39
47
55
71
56
79
71
22
106
22
18
9
48
90
99
48
24
46
57
128
145
182
100
64
66
61
118
91
60
45
85
15
57
72
27
118
34
129
27
57
128
41
46
53
87
24
80
45
128
141
133
97
121
143
60
131
64
13
98
50
34
25
44
19
45
177
18
70
95
45
83
45
74
77
101
78
74
109
97
84
72
84
108
44
97
70
103
85
73
32
88
47
102
84
106
125
115
55
72
125
103
69
92
129
104
63
46
77
49
113
19
93
92
94
86
101
64
108
100
54
157
161
76
70
55
70
118
147
69
110
78
56
68
83
112
70
45
106
74
110
109
93
51
62
122
88
121
95
59
83
139
66
152
99
97
90
47
292
108
115
162
202
177
107
178
64
119
99
67
77
32
108
148
120
111
103
104
60
125
149
60
37
80
8
74
57
9
8
13
99
15
9
9
32
70
12
54
121
21
50
67
93
50
112
16
89
21
64
23
31
38
66
34
128
99
93
110
74
106
118
46
65
53
174
154
125
58
54
96
75
64
44
60
139
54
50
125
98
71
104
72
38
22
66
106
118
22
34
56
17
27
15
15
28
14
24
36
25
64
96
47
74
63
78
110
99
108
87
102
61
33
32
78
86
80
65
76
25
73
46
66
34
9
69
84
20
106
72
505
98
112
62
131
125
72
125
15
41
60
95
163
125
72
63
71
60
93
45
64
125
76
75
75
120
126
139
61
102
166
84
106
108
88
72
59
99
151
120
99
68
39
107
39
68
86
114
102
90
118
30
21
55
86
135
74
149
135
154
202
101
89
70
37
89
21
46
27
112
80
51
52
131
106
65
164
115
733
77
105
140
150
120
101
119
159
99
104
142
60
92
73
169
29
22
24
30
27
40
34
102
64
67
191
108
77
